33240013
33255593
03326261
83747069
33266743
33219288
15485764
33218161
86148178
33274249
19477241
03322659
31429899
33279693
72140464
84519203
33214922
57370834
33245577
33286794
67083152
87415198
33219707
43387477
57647439
33288890
33213938
84686615
33236469
03323403
33253356
29063973
51995496
77115310
83290952
33279606
12099753
47374435
00332885
63857799
33241626
00332964
03325725
03326043
71313711
33238626
33250721
72351536
03326158
40744415
33278095
03324367
51952241
33248005
33263841
49927083
76342908
83389062
29358969
33249516
43992450
42728258
36720596
03326860
33215957
33210635
33228548
54424743
33267647
33275663
33279928
33222744
33294748
71421784
33257353
70539572
38281975
21525479
98466232
31825945
86315300
96575611
33276474
33282036
33271981
33289821
33223452
33295667
52348598
10938805
33282947
01915854
33215530
33239365
33257966
33292537
33261737
39024203
77987194
33291283
33233892
33291122
33282223
33257901
64493467
33249081
14293104
35967681
50190929
33219245
63031003
08834021
82560366
65135867
43837737
06526580
33231418
68790743
24826703
76296396
03324870
33219709
33242703
93076570
21980979
12995164
69434217
33294384
26468258
33224115
71353323
33290522
33273277
14641036
33297298
49720586
00182965
03326800
03322928
22732479
33275492
64042200
33252484
33294606
29430169
33279032
33281944
33287299
53298848
33293515
07712406
33287722
33220076
33228862
78972203
28446108
33260419
49633497
75310198
05049206
59063940
33257217
77255716
99381299
33264658
71885012
33280737
00918117
33277437
33212924
33252149
03327028
41479188
33230381
56945752
50216802
33268702
33284961
33242968
33246421
00740965
33259911
33264331
33275253
27016505